a <- c(1:10)
b <- a +7
b